9.956848037417309616e-01 2.095444551319941703e-04 1.968807247338986250e-04 4.683835172000010388e-04 2.336779010369560445e-04 4.618968323618287647e-04 -7.759235390382356323e-01 1.257470165099401072e-01 1.036144987399886669e-01 1.042335428412427684e-01 1.627849556240424655e-01 2.795435253230216244e-01
1.546164381108839953e-04 9.957494115599495599e-01 1.935198172171947008e-04 4.332055664046575343e-04 2.061767711783192548e-04 4.410483451723600781e-04 8.205648414295271809e-02 -6.059453566663801638e-01 9.105075409244271778e-02 8.790666503083623129e-02 1.206547030791675357e-01 2.242767503209810165e-01
1.349911985026599700e-04 1.798242294267825899e-04 9.957939809243179230e-01 3.426327402776716230e-04 1.821364006070506577e-04 3.830153705538587609e-04 7.747822089296445280e-02 9.928692697062053985e-02 -5.503820345784905532e-01 6.892495131698971045e-02 1.044722070392234692e-01 2.002197283586924226e-01
6.502332904470377382e-05 8.150460264897916587e-05 6.937359537178826199e-05 9.943970679235420995e-01 8.563011060979246213e-05 1.542328253336361745e-04 3.961424321055204839e-02 4.731968950364776744e-02 3.925118666584913318e-02 -2.817107174099929834e-01 5.567711559436518132e-02 9.984848243557889469e-02
2.430739886222867726e-04 2.906572013062922117e-04 2.763219215613636238e-04 6.416227470075300558e-04 9.943299909997252994e-01 7.320209322465603312e-04 1.312767045244395692e-01 1.587380851943890336e-01 1.488077555486400638e-01 1.368346009310102418e-01 -9.328801543239413352e-01 3.572230081254623157e-01
1.218089230141048416e-04 1.576307076951889838e-04 1.473153725316801949e-04 2.929836172850336590e-04 1.855823949399833044e-04 9.952604499664271520e-01 4.937189848490767391e-02 5.872273961939770276e-02 5.227873114989391862e-02 4.327663703233777109e-02 8.362627790792565019e-02 -2.872762841944627166e-01
9.021912825147746907e-07 5.250994561617902766e-07 5.143359985315913397e-07 5.844346737169858185e-07 7.075312931266517695e-07 5.284831886755496467e-07 9.978716253887499610e-01 1.799972701970640413e-04 1.630250440696191479e-04 1.745160610316750691e-04 2.383296445219035276e-04 2.371985575285416592e-04
8.046858291942557287e-07 1.302581266533893808e-06 7.673077871588753487e-07 8.127121477910031826e-07 9.959771587429883065e-07 7.317587304271981368e-07 1.799972701970640413e-04 9.975335445190659511e-01 1.865463803183911996e-04 1.879048896520193665e-04 2.447994348136001900e-04 2.636716950628396308e-04
6.878406093682220927e-07 7.036571155283333127e-07 1.631967101022500994e-06 6.993366273618638117e-07 9.685731513118263308e-07 6.758110068546999298e-07 1.630250440696191479e-04 1.865463803183911996e-04 9.976931243205749977e-01 1.541741388338206654e-04 2.243396536549224470e-04 2.375374749350115246e-04
1.537772570259793413e-06 1.509790433786506783e-06 1.228032757466734491e-06 3.284500604623540476e-06 1.979338710082545339e-06 1.243286035761263742e-06 1.745160610316750691e-04 1.879048896520193665e-04 1.541741388338206654e-04 9.978123458536188872e-01 2.343975827435378718e-04 2.125739661161250881e-04
8.773487312274917750e-07 7.570289651321548754e-07 6.799979908534208087e-07 8.053801407820126942e-07 1.755318460460302687e-06 8.776749324919603298e-07 2.383296445219035276e-04 2.447994348136001900e-04 2.243396536549224470e-04 2.343975827435378718e-04 9.969192071239884045e-01 3.685786181434239192e-04
2.992270059889940296e-06 2.794768621881644307e-06 2.588255170660105130e-06 2.868527510844875758e-06 3.749128711507269706e-06 4.088271212529488411e-06 2.371985575285416592e-04 2.636716950628396308e-04 2.375374749350115246e-04 2.125739661161250881e-04 3.685786181434239192e-04 9.957232279626787586e-01
